0.0 5.981866442103718 6.908475549590033 6.453766628465219 8.68901344793441 5.222454591026942 8.224509499646837 4.6782118027766755 5.680947532769569 6.626129095560028 
5.981866442103718 0.0 4.581643780603668 4.283365493582535 10.293379974129227 12.544482977854068 4.888291423571098 9.711065270195217 11.943020811376101 12.888179734929562 
6.908475549590033 4.581643780603668 0.0 5.552474780836897 12.746749550516697 13.276374700924196 9.139840613555785 11.490642354472309 12.438400065215093 13.384444028219457 
6.453766628465219 4.283365493582535 5.552474780836897 0.0 12.531117494473373 12.381262510741514 5.0900961102771625 9.683905815079106 11.737891909891852 12.683662428801268 
8.68901344793441 10.293379974129227 12.746749550516697 12.531117494473373 0.0 13.453827717191823 11.05230794097198 8.270045004574975 13.225986941088113 14.17161318196006 
5.222454591026942 12.544482977854068 13.276374700924196 12.381262510741514 13.453827717191823 0.0 10.807200107286935 8.615016914931466 10.73155353661756 11.6773518249107 
8.224509499646837 4.888291423571098 9.139840613555785 5.0900961102771625 11.05230794097198 10.807200107286935 0.0 4.872911001090249 13.74164146071076 14.68703737642868 
4.6782118027766755 9.711065270195217 11.490642354472309 9.683905815079106 8.270045004574975 8.615016914931466 4.872911001090249 0.0 8.921424253979199 9.866801527466539 
5.680947532769569 11.943020811376101 12.438400065215093 11.737891909891852 13.225986941088113 10.73155353661756 13.74164146071076 8.921424253979199 0.0 3.2823788664671163 
6.626129095560028 12.888179734929562 13.384444028219457 12.683662428801268 14.17161318196006 11.6773518249107 14.68703737642868 9.866801527466539 3.2823788664671163 0.0 
